    0.0  1.898E+19  5.093E+18
   10.0  6.792E+18  1.822E+18
   20.0  1.542E+18  4.138E+17
   30.0  2.968E+17  7.963E+16
   40.0  6.770E+16  1.816E+16
   50.0  1.810E+16  4.856E+15
   60.0  5.319E+15  1.427E+15
   70.0  1.388E+15  3.714E+14
   80.0  2.963E+14  7.885E+13
   90.0  5.514E+13  1.431E+13
  100.0  8.246E+12  1.934E+12
  110.0  1.124E+12  2.061E+11
  120.0  2.482E+11  3.410E+10
  130.0  9.193E+10  1.027E+10
  140.0  4.397E+10  4.329E+09
  150.0  2.353E+10  2.115E+09
  160.0  1.334E+10  1.109E+09
  170.0  7.805E+09  6.026E+08
  180.0  4.653E+09  3.342E+08
  190.0  2.804E+09  1.876E+08
  200.0  1.702E+09  1.061E+08
  210.0  1.038E+09  6.035E+07
  220.0  6.356E+08  3.444E+07
  230.0  3.900E+08  1.971E+07
  240.0  2.398E+08  1.131E+07
  250.0  1.478E+08  6.503E+06
  260.0  9.120E+07  3.746E+06
  270.0  5.638E+07  2.162E+06
  280.0  3.490E+07  1.250E+06
  290.0  2.164E+07  7.238E+05
  300.0  1.344E+07  4.199E+05
  310.0  8.356E+06  2.440E+05
  320.0  5.204E+06  1.420E+05
  330.0  3.245E+06  8.277E+04
  340.0  2.027E+06  4.833E+04
  350.0  1.267E+06  2.826E+04
  360.0  7.937E+05  1.656E+04
  370.0  4.978E+05  9.713E+03
  380.0  3.126E+05  5.708E+03
  390.0  1.966E+05  3.360E+03
  400.0  1.238E+05  1.980E+03
  410.0  7.808E+04  1.169E+03
  420.0  4.930E+04  6.914E+02
  430.0  3.118E+04  4.095E+02
  440.0  1.974E+04  2.429E+02
  450.0  1.252E+04  1.443E+02
  460.0  7.947E+03  8.587E+01
  470.0  5.052E+03  5.117E+01
  480.0  3.216E+03  3.054E+01
  490.0  2.050E+03  1.825E+01
  500.0  1.309E+03  1.093E+01
  510.0  8.363E+02  6.551E+00
  520.0  5.352E+02  3.933E+00
  530.0  3.429E+02  2.365E+00
  540.0  2.200E+02  1.424E+00
  550.0  1.414E+02  8.590E-01
  560.0  9.093E+01  5.188E-01
  570.0  5.857E+01  3.138E-01
  580.0  3.777E+01  1.901E-01
  590.0  2.439E+01  1.153E-01
  600.0  1.577E+01  7.004E-02