    0.0   70.0  1.921E+19  5.152E+18  70.9 
    5.0   70.0  1.161E+19  3.115E+18  70.9 
   10.0   70.0  6.848E+18  1.837E+18  70.9 
   15.0   70.0  3.690E+18  9.898E+17  70.9 
   20.0   70.0  1.541E+18  4.133E+17  70.9 
   25.0   70.0  6.578E+17  1.765E+17  70.9 
   30.0   70.0  2.978E+17  7.989E+16  70.9 
   35.0   70.0  1.395E+17  3.742E+16  70.9 
   40.0   70.0  6.801E+16  1.824E+16  70.9 
   45.0   70.0  3.454E+16  9.267E+15  70.9 
   50.0   70.0  1.822E+16  4.888E+15  70.9 
   55.0   70.0  9.945E+15  2.668E+15  70.9 
   60.0   70.0  5.484E+15  1.471E+15  70.9 
   65.0   70.0  2.894E+15  7.760E+14  70.9 
   70.0   70.0  1.415E+15  3.788E+14  70.9 
   75.0   70.0  6.463E+14  1.727E+14  70.9 
   80.0   70.0  2.889E+14  7.692E+13  70.9 
   85.0   70.0  1.234E+14  3.262E+13  70.9 
   90.0   70.0  4.976E+13  1.295E+13  70.9 
   95.0   70.0  1.915E+13  4.828E+12  70.9 
  100.0   70.0  7.265E+12  1.726E+12  70.9 
  105.0   70.0  2.812E+12  6.061E+11  70.9 
  110.0   70.0  1.142E+12  2.158E+11  70.9 
  115.0   70.0  4.963E+11  8.095E+10  70.9 
  120.0   70.0  2.392E+11  3.398E+10  70.9 
  125.0   70.0  1.353E+11  1.715E+10  70.9 
  130.0   70.0  8.542E+10  9.900E+09  70.9 
  135.0   70.0  5.731E+10  6.196E+09  70.9 
  140.0   70.0  4.007E+10  4.096E+09  70.9 
  145.0   70.0  2.885E+10  2.811E+09  70.9 
  150.0   70.0  2.121E+10  1.980E+09  70.9 
  155.0   70.0  1.584E+10  1.421E+09  70.9 
  160.0   70.0  1.197E+10  1.034E+09  70.9 
  165.0   70.0  9.128E+09  7.603E+08  70.9 
  170.0   70.0  7.011E+09  5.633E+08  70.9 
  175.0   70.0  5.415E+09  4.199E+08  70.9 
  180.0   70.0  4.201E+09  3.145E+08  70.9 
  185.0   70.0  3.270E+09  2.364E+08  70.9 
  190.0   70.0  2.553E+09  1.782E+08  70.9 
  195.0   70.0  1.997E+09  1.347E+08  70.9 
  200.0   70.0  1.566E+09  1.020E+08  70.9 
  205.0   70.0  1.229E+09  7.743E+07  70.9 
  210.0   70.0  9.662E+08  5.883E+07  70.9 
  215.0   70.0  7.604E+08  4.475E+07  70.9 
  220.0   70.0  5.990E+08  3.407E+07  70.9 
  225.0   70.0  4.722E+08  2.597E+07  70.9 
  230.0   70.0  3.725E+08  1.980E+07  70.9 
  235.0   70.0  2.941E+08  1.512E+07  70.9 
  240.0   70.0  2.323E+08  1.155E+07  70.9 
  245.0   70.0  1.836E+08  8.823E+06  70.9 
  250.0   70.0  1.452E+08  6.747E+06  70.9 
  255.0   70.0  1.148E+08  5.162E+06  70.9 
  260.0   70.0  9.089E+07  3.951E+06  70.9 
  265.0   70.0  7.196E+07  3.026E+06  70.9 
  270.0   70.0  5.700E+07  2.318E+06  70.9 
  275.0   70.0  4.517E+07  1.777E+06  70.9 
  280.0   70.0  3.581E+07  1.363E+06  70.9 
  285.0   70.0  2.840E+07  1.045E+06  70.9 
  290.0   70.0  2.253E+07  8.024E+05  70.9 
  295.0   70.0  1.788E+07  6.161E+05  70.9 
  300.0   70.0  1.419E+07  4.733E+05  70.9 
  305.0   70.0  1.127E+07  3.637E+05  70.9 
  310.0   70.0  8.955E+06  2.796E+05  70.9 
  315.0   70.0  7.117E+06  2.150E+05  70.9 
  320.0   70.0  5.658E+06  1.655E+05  70.9 
  325.0   70.0  4.500E+06  1.274E+05  70.9 
  330.0   70.0  3.580E+06  9.806E+04  70.9 
  335.0   70.0  2.849E+06  7.554E+04  70.9 
  340.0   70.0  2.268E+06  5.821E+04  70.9 
  345.0   70.0  1.807E+06  4.488E+04  70.9 
  350.0   70.0  1.439E+06  3.461E+04  70.9 
  355.0   70.0  1.147E+06  2.670E+04  70.9 
  360.0   70.0  9.144E+05  2.061E+04  70.9 
  365.0   70.0  7.292E+05  1.591E+04  70.9 
  370.0   70.0  5.818E+05  1.229E+04  70.9 
  375.0   70.0  4.643E+05  9.498E+03  70.9 
  380.0   70.0  3.706E+05  7.342E+03  70.9 
  385.0   70.0  2.960E+05  5.678E+03  70.9 
  390.0   70.0  2.364E+05  4.392E+03  70.9 
  395.0   70.0  1.889E+05  3.399E+03  70.9 
  400.0   70.0  1.510E+05  2.632E+03  70.9 
  405.0   70.0  1.208E+05  2.038E+03  70.9 
  410.0   70.0  9.660E+04  1.579E+03  70.9 
  415.0   70.0  7.729E+04  1.224E+03  70.9 
  420.0   70.0  6.187E+04  9.490E+02  70.9 
  425.0   70.0  4.954E+04  7.361E+02  70.9 
  430.0   70.0  3.968E+04  5.712E+02  70.9 
  435.0   70.0  3.179E+04  4.434E+02  70.9 
  440.0   70.0  2.548E+04  3.443E+02  70.9 
  445.0   70.0  2.043E+04  2.675E+02  70.9 
  450.0   70.0  1.638E+04  2.079E+02  70.9 
  455.0   70.0  1.314E+04  1.616E+02  70.9 
  460.0   70.0  1.055E+04  1.257E+02  70.9 
  465.0   70.0  8.467E+03  9.776E+01  70.9 
  470.0   70.0  6.800E+03  7.609E+01  70.9 
  475.0   70.0  5.462E+03  5.924E+01  70.9 
  480.0   70.0  4.389E+03  4.614E+01  70.9 
  485.0   70.0  3.528E+03  3.595E+01  70.9 
  490.0   70.0  2.837E+03  2.802E+01  70.9 
  495.0   70.0  2.282E+03  2.184E+01  70.9 
  500.0   70.0  1.836E+03  1.704E+01  70.9 
  505.0   70.0  1.478E+03  1.329E+01  70.9 
  510.0   70.0  1.190E+03  1.038E+01  70.9 
  515.0   70.0  9.580E+02  8.102E+00  70.9 
  520.0   70.0  7.718E+02  6.329E+00  70.9 
  525.0   70.0  6.220E+02  4.945E+00  70.9 
  530.0   70.0  5.014E+02  3.866E+00  70.9 
  535.0   70.0  4.043E+02  3.023E+00  70.9 
  540.0   70.0  3.261E+02  2.364E+00  70.9 
  545.0   70.0  2.631E+02  1.850E+00  70.9 
  550.0   70.0  2.124E+02  1.448E+00  70.9 
  555.0   70.0  1.715E+02  1.134E+00  70.9 
  560.0   70.0  1.385E+02  8.884E-01  70.9 
  565.0   70.0  1.119E+02  6.962E-01  70.9 
  570.0   70.0  9.040E+01  5.457E-01  70.9 
  575.0   70.0  7.308E+01  4.279E-01  70.9 
  580.0   70.0  5.909E+01  3.357E-01  70.9 
  585.0   70.0  4.780E+01  2.634E-01  70.9 
  590.0   70.0  3.868E+01  2.068E-01  70.9 
  595.0   70.0  3.130E+01  1.624E-01  70.9 
  600.0   70.0  2.534E+01  1.276E-01  70.9 
  605.0   70.0  2.052E+01  1.002E-01  70.9 
  610.0   70.0  1.663E+01  7.880E-02  70.9 
  615.0   70.0  1.347E+01  6.196E-02  70.9 
  620.0   70.0  1.092E+01  4.874E-02  70.9 
  625.0   70.0  8.855E+00  3.836E-02  70.9 
  630.0   70.0  7.182E+00  3.019E-02  70.9 
  635.0   70.0  5.827E+00  2.378E-02  70.9 
  640.0   70.0  4.729E+00  1.873E-02  70.9 
  645.0   70.0  3.839E+00  1.476E-02  70.9 
  650.0   70.0  3.118E+00  1.163E-02  70.9 