    0.0  0.000E+00  1.894E+19
   10.0  0.000E+00  6.758E+18
   20.0  0.000E+00  1.530E+18
   30.0  0.000E+00  2.978E+17
   40.0  0.000E+00  6.762E+16
   50.0  0.000E+00  1.817E+16
   60.0  0.000E+00  5.337E+15
   70.0  0.000E+00  1.366E+15
   80.0  3.792E+09  2.754E+14
   90.0  1.743E+11  5.101E+13
  100.0  3.346E+11  8.979E+12
  110.0  1.614E+11  1.451E+12
  120.0  6.495E+10  3.141E+11
  130.0  3.116E+10  1.040E+11
  140.0  1.828E+10  4.682E+10
  150.0  1.185E+10  2.427E+10
  160.0  8.130E+09  1.357E+10
  170.0  5.777E+09  7.926E+09
  180.0  4.198E+09  4.755E+09
  190.0  3.097E+09  2.902E+09
  200.0  2.308E+09  1.791E+09
  210.0  1.733E+09  1.114E+09
  220.0  1.308E+09  6.965E+08
  230.0  9.919E+08  4.372E+08
  240.0  7.547E+08  2.753E+08
  250.0  5.758E+08  1.737E+08
  260.0  4.404E+08  1.099E+08
  270.0  3.375E+08  6.963E+07
  280.0  2.592E+08  4.419E+07
  290.0  1.993E+08  2.809E+07
  300.0  1.533E+08  1.789E+07
  310.0  1.183E+08  1.140E+07
  320.0  9.134E+07  7.280E+06
  330.0  7.062E+07  4.654E+06
  340.0  5.466E+07  2.980E+06
  350.0  4.235E+07  1.910E+06
  360.0  3.284E+07  1.226E+06
  370.0  2.549E+07  7.881E+05
  380.0  1.980E+07  5.073E+05
  390.0  1.540E+07  3.269E+05
  400.0  1.198E+07  2.110E+05
  410.0  9.317E+06  1.363E+05
  420.0  7.265E+06  8.819E+04
  430.0  5.669E+06  5.713E+04
  440.0  4.426E+06  3.706E+04
  450.0  3.459E+06  2.407E+04
  460.0  2.705E+06  1.565E+04
  470.0  2.117E+06  1.019E+04
  480.0  1.658E+06  6.644E+03
  490.0  1.299E+06  4.337E+03
  500.0  1.019E+06  2.834E+03
  510.0  7.996E+05  1.855E+03
  520.0  6.279E+05  1.215E+03
  530.0  4.935E+05  7.972E+02
  540.0  3.881E+05  5.236E+02
  550.0  3.055E+05  3.443E+02
  560.0  2.406E+05  2.267E+02
  570.0  1.896E+05  1.494E+02
  580.0  1.495E+05  9.863E+01
  590.0  1.180E+05  6.518E+01
  600.0  9.319E+04  4.312E+01